+79539262704
+79618897044
+79832304931
+79991773048
+79020676867
+79000273756
+79000737026
+79000760496
+79000945382
+79003010689
+79003029578
+79003033958
+79004948807
+79009267604
+79009267764
+79009281786
+79009452648
+79009458967
+79009469666
+79009483305
+79009524395
+79009615239
+79009634757
+79010546562
+79010546636
+79011773375
+79011935947
+79012997156
+79026082557
+79029284946
+79029670608
+79031576457
+79034536177
+79034665774
+79036525188
+79042128215
+79042644018
+79045014653
+79048016355
+79048135399
+79049469693
+79050511220
+79056328758
+79056548220
+79056913276
+79058145861
+79066700848
+79066702948
+79069740174
+79080398413
+79080399699
+79080507901
+79080585394
+79080791539
+79081291119
+79081339483
+79081397450
+79081468792
+79082122597
+79092802751
+79094554158
+79101623438
+79102458460
+79102868812
+79103409906
+79103416469
+79103471065
+79106159893
+79106165789
+79106637332
+79108178782
+79108271043
+79109647936
+79109675051
+79109775506
+79126216164
+79128086477
+79131769268
+79132431484
+79135293143
+79135358522
+79137818011
+79138382384
+79140000000
+79141737645
+79143364263
+79144014832
+79144335353
+79144434310
+79146537118
+79146727975
+79149659835
+79155425090
+79155443569
+79155462588
+79155850494
+79155856741
+79156272396
+79157345633
+79158757655
+79159608617
+79159637083
+79159659502
+79159799566
+79159834154
+79159845641
+79159847800
+79159933809
+79159983544
+79162396823
+79168484793
+79174824468
+79177833287
+79183291751
+79184164089
+79186901417
+79191627130
+79192358871
+79192368355
+79192382852
+79192385589
+79192386814
+79192399614
+79192413866
+79192468402
+79192498377
+79193957629
+79196048188
+79196156763
+79201057459
+79201075297
+79201140568
+79201427802
+79201486378
+79201497880
+79202205675
+79202230015
+79202296910
+79204051320
+79204056166
+79204071590
+79204098324
+79204192664
+79204231996
+79204299711
+79204306489
+79204316454
+79204327963
+79204330533
+79204455101
+79204556088
+79204578943
+79204579610
+79204817775
+79206506032
+79206521484
+79206539969
+79209562506
+79209751013
+79222273775
+79227167413
+79227354461
+79228816932
+79231673375
+79233052090
+79233315282
+79233561334
+79234507215
+79237580907
+79242143837
+79243362180
+79243704462
+79244081201
+79245005777
+79250724775
+79256274331
+79261793139
+79273378644
+79273920188
+79280083128
+79283347959
+79286581934
+79289555157
+79290666004
+79292745073
+79293217719
+79301044392
+79301178793
+79303772233
+79304050268
+79304071533
+79304102604
+79304121084
+79304233251
+79320110460
+79323381615
+79333379587
+79339950307
+79374319320
+79381266236
+79383148013
+79388864555
+79504328370
+79505465031
+79507230316
+79507547234
+79507675909
+79507678775
+79507770600
+79507789695
+79510015553
+79513298393
+79514646268
+79514646805
+79514675621
+79514801681
+79515474925
+79515488472
+79515537141
+79515549705
+79515613616
+79515670797
+79515692575
+79515880599
+79516589869
+79517703787
+79517794144
+79517955816
+79518084497
+79518441774
+79518508107
+79518682884
+79518731177
+79518733979
+79521013056
+79521018917
+79521049423
+79521089988
+79525106719
+79525127741
+79525434053
+79525498873
+79525545756
+79525924324
+79527537668
+79528799948
+79534472706
+79536222921
+79537394891
+79539693372
+79601082469
+79601138396
+79601257648
+79601907969
+79603205930
+79603269417
+79607124874
+79611617186
+79617416372
+79621435008
+79621623954
+79623250798
+79624438862
+79625368874
+79628531365
+79629993673
+79630998441
+79638924754
+79638963018
+79644828677
+79674485276
+79676026073
+79676742815
+79773381027
+79802417727
+79802459916
+79803072134
+79803471747
+79805306234
+79805328743
+79805339246
+79805359218
+79805402365
+79805404246
+79805407768
+79805429687
+79805437223
+79805487923
+79805529395
+79805560942
+79805592792
+79806373144
+79806561317
+79806569689
+79806584919
+79806635862
+79806637263
+79807001044
+79807097025
+79807429748
+79807443657
+79807491257
+79807716834
+79809999957
+79823381178
+79823622537
+79827476434
+79832922162
+79833612696
+79835007640
+79842986232
+79855265505
+79869681105
+79874950030
+79875039992
+79875142822
+79876613153
+79876759383
+79877185634
+79882513092
+79882587184
+79884773008
+79911132932
+79914581111
+79925555068
+79962412259
+79964029052
+79964305634
+79964502760
+79964511177
+79964516907
+79969264085
+79990401755
+79992341089
+79992343462
+79994427661
+79995692814
+79995813124
+79995836961
+79995843050
+79995852328
+79995858300
+79995867689
+79995884619
+79996062310
+79997202131
+79997216342
+79997901915
+79997902732
+79999628709
